SIMILARITIES
--------------------------------------------------------------------------------

Measure:                                CORRELATION
Variables are:                          COLUMNS
Input dataset:                          1972_joinedrows-nrm (C:\Users\Dhruval\Documents\UCINET data\1972_joinedrows-nrm)
Similarity matrix:                      1972_joinedrows-nrm-Sim (C:\Users\Dhruval\Documents\UCINET data\1972_joinedrows-nrm-Sim)


                                1      2      3      4      5      6      7      8      9     10     11     12     13     14     15     16     17     18     19     20     21     22     23     24
                           austra austri belgiu canada denmar finlan france german greece icelan irelan israel  italy  japan nether norway portug  spain sweden switze turkey united    usa yugosl
                           ------ ------ ------ ------ ------ ------ ------ ------ ------ ------ ------ ------ ------ ------ ------ ------ ------ ------ ------ ------ ------ ------ ------ ------
    1           australia   1.000  0.145 -0.475 -0.000  0.390  0.359 -0.459 -0.372  0.427  0.467  0.482  0.469 -0.416 -0.093 -0.380  0.344  0.464  0.430  0.063  0.048  0.452 -0.272  0.148  0.382
    2             austria   0.145  1.000 -0.115 -0.507  0.518  0.653  0.024 -0.480  0.668  0.596  0.454  0.533 -0.009 -0.451 -0.057  0.666  0.614  0.490  0.407  0.637  0.618 -0.214 -0.276  0.730
    3  belgium-luxembourg  -0.475 -0.115  1.000 -0.141 -0.450 -0.458  0.357  0.391 -0.508 -0.591 -0.529 -0.644  0.738 -0.197  0.379 -0.462 -0.593 -0.441 -0.121  0.017 -0.569 -0.110 -0.068 -0.467
    4              canada  -0.000 -0.507 -0.141  1.000 -0.326 -0.339 -0.176 -0.053 -0.382 -0.310 -0.234 -0.207 -0.161  0.843 -0.165 -0.366 -0.314 -0.240 -0.261 -0.449 -0.335  0.071 -0.177 -0.395
    5             denmark   0.390  0.518 -0.450 -0.326  1.000  0.758 -0.368 -0.371  0.706  0.721  0.803  0.708 -0.331 -0.288 -0.276  0.773  0.741  0.745  0.420  0.380  0.711 -0.054 -0.301  0.665
    6             finland   0.359  0.653 -0.458 -0.339  0.758  1.000 -0.495 -0.376  0.828  0.839  0.785  0.845 -0.409 -0.301 -0.466  0.927  0.888  0.731  0.575  0.612  0.831 -0.125 -0.277  0.776
    7              france  -0.459  0.024  0.357 -0.176 -0.368 -0.495  1.000  0.170 -0.484 -0.559 -0.514 -0.581  0.411 -0.215  0.762 -0.443 -0.567 -0.553 -0.190 -0.065 -0.525 -0.056 -0.068 -0.363
    8             germany  -0.372 -0.480  0.391 -0.053 -0.371 -0.376  0.170  1.000 -0.397 -0.384 -0.367 -0.383  0.081 -0.110 -0.035 -0.446 -0.381 -0.339 -0.167 -0.219 -0.392  0.159 -0.093 -0.376
    9              greece   0.427  0.668 -0.508 -0.382  0.706  0.828 -0.484 -0.397  1.000  0.984  0.753  0.946 -0.362 -0.287 -0.446  0.817  0.975  0.873  0.306  0.468  0.990 -0.163 -0.272  0.957
   10             iceland   0.467  0.596 -0.591 -0.310  0.721  0.839 -0.559 -0.384  0.984  1.000  0.784  0.971 -0.462 -0.210 -0.512  0.827  0.993  0.879  0.310  0.411  0.994 -0.109 -0.256  0.932
   11             ireland   0.482  0.454 -0.529 -0.234  0.803  0.785 -0.514 -0.367  0.753  0.784  1.000  0.847 -0.454 -0.213 -0.440  0.761  0.812  0.804  0.355  0.464  0.769 -0.296 -0.203  0.687
   12              israel   0.469  0.533 -0.644 -0.207  0.708  0.845 -0.581 -0.383  0.946  0.971  0.847  1.000 -0.511 -0.123 -0.537  0.818  0.977  0.864  0.299  0.430  0.961 -0.145 -0.286  0.879
   13               italy  -0.416 -0.009  0.738 -0.161 -0.331 -0.409  0.411  0.081 -0.362 -0.462 -0.454 -0.511  1.000 -0.215  0.666 -0.386 -0.472 -0.221 -0.166  0.056 -0.417 -0.201 -0.152 -0.370
   14               japan  -0.093 -0.451 -0.197  0.843 -0.288 -0.301 -0.215 -0.110 -0.287 -0.210 -0.213 -0.123 -0.215  1.000 -0.236 -0.283 -0.227 -0.217 -0.300 -0.453 -0.246  0.248 -0.115 -0.294
   15         netherlands  -0.380 -0.057  0.379 -0.165 -0.276 -0.466  0.762 -0.035 -0.446 -0.512 -0.440 -0.537  0.666 -0.236  1.000 -0.406 -0.523 -0.338 -0.165 -0.048 -0.466 -0.170 -0.077 -0.407
   16              norway   0.344  0.666 -0.462 -0.366  0.773  0.927 -0.443 -0.446  0.817  0.827  0.761  0.818 -0.386 -0.283 -0.406  1.000  0.863  0.719  0.384  0.572  0.816 -0.095 -0.212  0.777
   17            portugal   0.464  0.614 -0.593 -0.314  0.741  0.888 -0.567 -0.381  0.975  0.993  0.812  0.977 -0.472 -0.227 -0.523  0.863  1.000  0.875  0.362  0.464  0.986 -0.120 -0.267  0.920
   18               spain   0.430  0.490 -0.441 -0.240  0.745  0.731 -0.553 -0.339  0.873  0.879  0.804  0.864 -0.221 -0.217 -0.338  0.719  0.875  1.000  0.229  0.412  0.882 -0.307 -0.373  0.818
   19              sweden   0.063  0.407 -0.121 -0.261  0.420  0.575 -0.190 -0.167  0.306  0.310  0.355  0.299 -0.166 -0.300 -0.165  0.384  0.362  0.229  1.000  0.420  0.308  0.088 -0.204  0.279
   20         switzerland   0.048  0.637  0.017 -0.449  0.380  0.612 -0.065 -0.219  0.468  0.411  0.464  0.430  0.056 -0.453 -0.048  0.572  0.464  0.412  0.420  1.000  0.415 -0.304 -0.288  0.529
   21              turkey   0.452  0.618 -0.569 -0.335  0.711  0.831 -0.525 -0.392  0.990  0.994  0.769  0.961 -0.417 -0.246 -0.466  0.816  0.986  0.882  0.308  0.415  1.000 -0.141 -0.261  0.941
   22      united kingdom  -0.272 -0.214 -0.110  0.071 -0.054 -0.125 -0.056  0.159 -0.163 -0.109 -0.296 -0.145 -0.201  0.248 -0.170 -0.095 -0.120 -0.307  0.088 -0.304 -0.141  1.000  0.085 -0.185
   23                 usa   0.148 -0.276 -0.068 -0.177 -0.301 -0.277 -0.068 -0.093 -0.272 -0.256 -0.203 -0.286 -0.152 -0.115 -0.077 -0.212 -0.267 -0.373 -0.204 -0.288 -0.261  0.085  1.000 -0.295
   24          yugoslavia   0.382  0.730 -0.467 -0.395  0.665  0.776 -0.363 -0.376  0.957  0.932  0.687  0.879 -0.370 -0.294 -0.407  0.777  0.920  0.818  0.279  0.529  0.941 -0.185 -0.295  1.000

Cronbach's Alpha = 0.726

Similarity matrix saved as dataset 1972_joinedrows-nrm-Sim

----------------------------------------
Running time:  00:00:01
Output generated:  05 Apr 20 21:35:25
UCINET 6.689 Copyright (c) 2002-19 Analytic Technologies

