SIMILARITIES
--------------------------------------------------------------------------------

Measure:                                CORRELATION
Variables are:                          COLUMNS
Input dataset:                          2007_joinedrows (C:\Users\Dhruval\Documents\UCINET data\2007_joinedrows)
Similarity matrix:                      2007_joinedrows-Sim (C:\Users\Dhruval\Documents\UCINET data\2007_joinedrows-Sim)


                            1      2      3      4      5      6      7      8      9     10     11     12     13     14     15     16     17     18     19     20     21     22     23     24     25     26     27     28     29     30     31     32     33     34     35     36     37     38     39
                       austra austri belgiu brazil canada  chile  china czechi denmar estoni finlan france german greece hungar icelan  india irelan israel  italy  japan latvia lithua luxemb mexico nether new ze norway poland portug rep. o slovak sloven  spain sweden switze turkey united    usa
                       ------ ------ ------ ------ ------ ------ ------ ------ ------ ------ ------ ------ ------ ------ ------ ------ ------ ------ ------ ------ ------ ------ ------ ------ ------ ------ ------ ------ ------ ------ ------ ------ ------ ------ ------ ------ ------ ------ ------
    1       australia   1.000 -0.031 -0.027  0.626  0.068  0.477  0.127 -0.053 -0.030 -0.028  0.002 -0.033 -0.050  0.006 -0.072 -0.029  0.609 -0.018  0.043 -0.034  0.198 -0.042 -0.094 -0.033  0.031 -0.004  0.285 -0.012 -0.056 -0.027  0.259 -0.073 -0.040  0.033 -0.033 -0.022  0.115 -0.015  0.254
    2         austria  -0.031  1.000  0.528  0.152  0.032  0.265  0.295  0.848  0.267  0.138  0.662  0.725  0.320  0.616  0.830  0.433  0.203  0.116  0.152  0.696  0.109  0.136  0.136  0.844  0.022  0.322  0.005  0.020  0.897  0.311  0.090  0.650  0.852  0.491  0.726  0.880  0.708  0.330  0.051
    3         belgium  -0.027  0.528  1.000  0.179  0.148  0.231  0.287  0.447  0.265  0.258  0.553  0.454  0.534  0.455  0.467  0.402  0.228  0.212  0.205  0.699  0.124  0.183  0.183  0.660  0.138  0.266  0.013  0.244  0.569  0.383  0.129  0.303  0.444  0.624  0.535  0.595  0.558  0.600  0.029
    4          brazil   0.626  0.152  0.179  1.000  0.461  0.581  0.356  0.080  0.113  0.055  0.192  0.234  0.136  0.328  0.101  0.110  0.825  0.155  0.377  0.183  0.296  0.038  0.049  0.123  0.404  0.145  0.349  0.001  0.111  0.179  0.310 -0.008  0.092  0.280  0.170  0.145  0.401  0.216  0.269
    5          canada   0.068  0.032  0.148  0.461  1.000  0.242  0.430  0.006  0.006  0.183  0.194  0.120  0.123  0.241 -0.020 -0.006  0.391  0.017  0.490  0.168  0.225  0.166  0.157  0.032  0.981  0.079  0.125  0.099 -0.017  0.202  0.391 -0.030  0.002  0.137  0.127  0.056  0.236  0.395 -0.020
    6           chile   0.477  0.265  0.231  0.581  0.242  1.000  0.418  0.161  0.050 -0.060  0.269  0.198  0.234  0.336  0.138  0.130  0.562  0.028  0.318  0.280  0.610 -0.033 -0.060  0.303  0.190  0.049  0.355 -0.040  0.186  0.158  0.496  0.073  0.252  0.264  0.252  0.270  0.372  0.138  0.289
    7           china   0.127  0.295  0.287  0.356  0.430  0.418  1.000  0.213  0.067 -0.008  0.395  0.311  0.336  0.456  0.171  0.093  0.606  0.042  0.832  0.393  0.451 -0.001 -0.035  0.314  0.352  0.072  0.249  0.006  0.183  0.274  0.405  0.113  0.244  0.221  0.345  0.314  0.531  0.264  0.128
    8         czechia  -0.053  0.848  0.447  0.080  0.006  0.161  0.213  1.000  0.217  0.132  0.609  0.584  0.275  0.432  0.899  0.395  0.136  0.071  0.099  0.641  0.058  0.146  0.132  0.738  0.001  0.269 -0.050  0.023  0.839  0.256  0.038  0.583  0.723  0.373  0.663  0.795  0.579  0.288  0.017
    9         denmark  -0.030  0.267  0.265  0.113  0.006  0.050  0.067  0.217  1.000  0.237  0.416  0.350  0.108  0.333  0.295  0.383  0.054  0.475  0.053  0.265 -0.003  0.312  0.233  0.232  0.005  0.285  0.169  0.277  0.390  0.121 -0.020  0.115  0.165  0.288  0.232  0.260  0.257  0.204  0.002
   10         estonia  -0.028  0.138  0.258  0.055  0.183 -0.060 -0.008  0.132  0.237  1.000  0.323  0.148  0.088  0.117  0.090  0.053  0.038  0.044 -0.011  0.106 -0.041  0.590  0.394  0.131  0.192  0.188 -0.120  0.423  0.199  0.071 -0.003  0.055  0.092  0.051  0.387  0.118  0.087  0.250 -0.073
   11         finland   0.002  0.662  0.553  0.192  0.194  0.269  0.395  0.609  0.416  0.323  1.000  0.590  0.445  0.426  0.543  0.446  0.295  0.093  0.268  0.657  0.183  0.272  0.200  0.724  0.172  0.278 -0.029  0.142  0.662  0.415  0.190  0.419  0.554  0.390  0.723  0.657  0.630  0.431  0.056
   12          france  -0.033  0.725  0.454  0.234  0.120  0.198  0.311  0.584  0.350  0.148  0.590  1.000  0.442  0.688  0.641  0.477  0.282  0.370  0.237  0.589  0.104  0.187  0.153  0.672  0.111  0.520  0.082  0.166  0.674  0.546  0.107  0.398  0.669  0.458  0.609  0.661  0.747  0.437  0.036
   13         germany  -0.050  0.320  0.534  0.136  0.123  0.234  0.336  0.275  0.108  0.088  0.445  0.442  1.000  0.460  0.411  0.175  0.275  0.162  0.308  0.548  0.175  0.061  0.057  0.525  0.099  0.180 -0.028  0.049  0.289  0.410  0.165  0.390  0.483  0.513  0.391  0.246  0.541  0.280 -0.013
   14          greece   0.006  0.616  0.455  0.328  0.241  0.336  0.456  0.432  0.333  0.117  0.426  0.688  0.460  1.000  0.544  0.316  0.386  0.355  0.399  0.553  0.133  0.088  0.160  0.575  0.231  0.317  0.195  0.018  0.530  0.429  0.151  0.291  0.657  0.579  0.459  0.569  0.773  0.289  0.014
   15         hungary  -0.072  0.830  0.467  0.101 -0.020  0.138  0.171  0.899  0.295  0.090  0.543  0.641  0.411  0.544  1.000  0.393  0.105  0.174  0.071  0.636  0.020  0.120  0.154  0.716 -0.023  0.319 -0.012  0.008  0.854  0.251 -0.002  0.657  0.771  0.469  0.595  0.765  0.603  0.267 -0.008
   16         iceland  -0.029  0.433  0.402  0.110 -0.006  0.130  0.093  0.395  0.383  0.053  0.446  0.477  0.175  0.316  0.393  1.000  0.055  0.633  0.013  0.394 -0.003  0.044  0.101  0.432  0.003  0.240  0.249  0.007  0.496  0.172 -0.022  0.260  0.311  0.327  0.389  0.444  0.326  0.147  0.028
   17           india   0.609  0.203  0.228  0.825  0.391  0.562  0.606  0.136  0.054  0.038  0.295  0.282  0.275  0.386  0.105  0.055  1.000  0.067  0.652  0.281  0.428  0.032 -0.028  0.248  0.315  0.117  0.249  0.050  0.130  0.194  0.390  0.059  0.169  0.255  0.252  0.236  0.527  0.260  0.231
   18         ireland  -0.018  0.116  0.212  0.155  0.017  0.028  0.042  0.071  0.475  0.044  0.093  0.370  0.162  0.355  0.174  0.633  0.067  1.000  0.053  0.215 -0.013  0.115  0.140  0.089  0.006  0.295  0.308  0.061  0.225  0.167 -0.026  0.020  0.062  0.342  0.138  0.132  0.251 -0.010  0.010
   19          israel   0.043  0.152  0.205  0.377  0.490  0.318  0.832  0.099  0.053 -0.011  0.268  0.237  0.308  0.399  0.071  0.013  0.652  0.053  1.000  0.294  0.362 -0.002 -0.014  0.201  0.397  0.091  0.098  0.012  0.073  0.178  0.373  0.026  0.085  0.160  0.231  0.195  0.437  0.277 -0.007
   20           italy  -0.034  0.696  0.699  0.183  0.168  0.280  0.393  0.641  0.265  0.106  0.657  0.589  0.548  0.553  0.636  0.394  0.281  0.215  0.294  1.000  0.197  0.143  0.109  0.807  0.166  0.310  0.045  0.049  0.732  0.631  0.173  0.474  0.529  0.628  0.630  0.733  0.710  0.395  0.079
   21           japan   0.198  0.109  0.124  0.296  0.225  0.610  0.451  0.058 -0.003 -0.041  0.183  0.104  0.175  0.133  0.020 -0.003  0.428 -0.013  0.362  0.197  1.000 -0.028 -0.054  0.121  0.181  0.008  0.087 -0.007  0.072  0.067  0.726  0.008  0.051  0.073  0.173  0.167  0.190  0.134  0.159
   22          latvia  -0.042  0.136  0.183  0.038  0.166 -0.033 -0.001  0.146  0.312  0.590  0.272  0.187  0.061  0.088  0.120  0.044  0.032  0.115 -0.002  0.143 -0.028  1.000  0.169  0.123  0.182  0.147 -0.115  0.627  0.186  0.111 -0.011  0.084  0.100  0.061  0.324  0.150  0.137  0.136 -0.063
   23       lithuania  -0.094  0.136  0.183  0.049  0.157 -0.060 -0.035  0.132  0.233  0.394  0.200  0.153  0.057  0.160  0.154  0.101 -0.028  0.140 -0.014  0.109 -0.054  0.169  1.000  0.119  0.176  0.165 -0.064  0.102  0.185  0.070 -0.025  0.081  0.105  0.128  0.196  0.116  0.104  0.197 -0.086
   24      luxembourg  -0.033  0.844  0.660  0.123  0.032  0.303  0.314  0.738  0.232  0.131  0.724  0.672  0.525  0.575  0.716  0.432  0.248  0.089  0.201  0.807  0.121  0.123  0.119  1.000  0.023  0.385 -0.022  0.039  0.822  0.395  0.101  0.553  0.780  0.632  0.725  0.837  0.736  0.428  0.066
   25          mexico   0.031  0.022  0.138  0.404  0.981  0.190  0.352  0.001  0.005  0.192  0.172  0.111  0.099  0.231 -0.023  0.003  0.315  0.006  0.397  0.166  0.181  0.182  0.176  0.023  1.000  0.079  0.123  0.113 -0.017  0.203  0.351 -0.028 -0.002  0.131  0.100  0.044  0.205  0.402 -0.022
   26     netherlands  -0.004  0.322  0.266  0.145  0.079  0.049  0.072  0.269  0.285  0.188  0.278  0.520  0.180  0.317  0.319  0.240  0.117  0.295  0.091  0.310  0.008  0.147  0.165  0.385  0.079  1.000  0.062  0.280  0.389  0.164  0.002  0.157  0.244  0.317  0.307  0.333  0.315  0.418  0.008
   27     new zealand   0.285  0.005  0.013  0.349  0.125  0.355  0.249 -0.050  0.169 -0.120 -0.029  0.082 -0.028  0.195 -0.012  0.249  0.249  0.308  0.098  0.045  0.087 -0.115 -0.064 -0.022  0.123  0.062  1.000 -0.064  0.013 -0.015  0.151 -0.092 -0.040  0.120 -0.057  0.027  0.113 -0.052  0.182
   28          norway  -0.012  0.020  0.244  0.001  0.099 -0.040  0.006  0.023  0.277  0.423  0.142  0.166  0.049  0.018  0.008  0.007  0.050  0.061  0.012  0.049 -0.007  0.627  0.102  0.039  0.113  0.280 -0.064  1.000  0.073  0.046  0.006 -0.006  0.010  0.036  0.156  0.056  0.030  0.341 -0.007
   29          poland  -0.056  0.897  0.569  0.111 -0.017  0.186  0.183  0.839  0.390  0.199  0.662  0.674  0.289  0.530  0.854  0.496  0.130  0.225  0.073  0.732  0.072  0.186  0.185  0.822 -0.017  0.389  0.013  0.073  1.000  0.308  0.034  0.681  0.722  0.510  0.705  0.859  0.629  0.364  0.016
   30        portugal  -0.027  0.311  0.383  0.179  0.202  0.158  0.274  0.256  0.121  0.071  0.415  0.546  0.410  0.429  0.251  0.172  0.194  0.167  0.178  0.631  0.067  0.111  0.070  0.395  0.203  0.164 -0.015  0.046  0.308  1.000  0.101  0.168  0.280  0.292  0.358  0.300  0.559  0.286  0.018
   31   rep. of korea   0.259  0.090  0.129  0.310  0.391  0.496  0.405  0.038 -0.020 -0.003  0.190  0.107  0.165  0.151 -0.002 -0.022  0.390 -0.026  0.373  0.173  0.726 -0.011 -0.025  0.101  0.351  0.002  0.151  0.006  0.034  0.101  1.000 -0.014  0.049  0.071  0.151  0.139  0.207  0.199  0.132
   32        slovakia  -0.073  0.650  0.303 -0.008 -0.030  0.073  0.113  0.583  0.115  0.055  0.419  0.398  0.390  0.291  0.657  0.260  0.059  0.020  0.026  0.474  0.008  0.084  0.081  0.553 -0.028  0.157 -0.092 -0.006  0.681  0.168 -0.014  1.000  0.641  0.262  0.465  0.551  0.405  0.180 -0.036
   33        slovenia  -0.040  0.852  0.444  0.092  0.002  0.252  0.244  0.723  0.165  0.092  0.554  0.669  0.483  0.657  0.771  0.311  0.169  0.062  0.085  0.529  0.051  0.100  0.105  0.780 -0.002  0.244 -0.040  0.010  0.722  0.280  0.049  0.641  1.000  0.480  0.637  0.759  0.695  0.279  0.022
   34           spain   0.033  0.491  0.624  0.280  0.137  0.264  0.221  0.373  0.288  0.051  0.390  0.458  0.513  0.579  0.469  0.327  0.255  0.342  0.160  0.628  0.073  0.061  0.128  0.632  0.131  0.317  0.120  0.036  0.510  0.292  0.071  0.262  0.480  1.000  0.408  0.496  0.586  0.315  0.056
   35          sweden  -0.033  0.726  0.535  0.170  0.127  0.252  0.345  0.663  0.232  0.387  0.723  0.609  0.391  0.459  0.595  0.389  0.252  0.138  0.231  0.630  0.173  0.324  0.196  0.725  0.100  0.307 -0.057  0.156  0.705  0.358  0.151  0.465  0.637  0.408  1.000  0.715  0.627  0.353  0.039
   36     switzerland  -0.022  0.880  0.595  0.145  0.056  0.270  0.314  0.795  0.260  0.118  0.657  0.661  0.246  0.569  0.765  0.444  0.236  0.132  0.195  0.733  0.167  0.150  0.116  0.837  0.044  0.333  0.027  0.056  0.859  0.300  0.139  0.551  0.759  0.496  0.715  1.000  0.680  0.383  0.068
   37          turkey   0.115  0.708  0.558  0.401  0.236  0.372  0.531  0.579  0.257  0.087  0.630  0.747  0.541  0.773  0.603  0.326  0.527  0.251  0.437  0.710  0.190  0.137  0.104  0.736  0.205  0.315  0.113  0.030  0.629  0.559  0.207  0.405  0.695  0.586  0.627  0.680  1.000  0.348  0.098
   38  united kingdom  -0.015  0.330  0.600  0.216  0.395  0.138  0.264  0.288  0.204  0.250  0.431  0.437  0.280  0.289  0.267  0.147  0.260 -0.010  0.277  0.395  0.134  0.136  0.197  0.428  0.402  0.418 -0.052  0.341  0.364  0.286  0.199  0.180  0.279  0.315  0.353  0.383  0.348  1.000  0.028
   39             usa   0.254  0.051  0.029  0.269 -0.020  0.289  0.128  0.017  0.002 -0.073  0.056  0.036 -0.013  0.014 -0.008  0.028  0.231  0.010 -0.007  0.079  0.159 -0.063 -0.086  0.066 -0.022  0.008  0.182 -0.007  0.016  0.018  0.132 -0.036  0.022  0.056  0.039  0.068  0.098  0.028  1.000

Cronbach's Alpha = 0.929

Similarity matrix saved as dataset 2007_joinedrows-Sim

----------------------------------------
Running time:  00:00:01
Output generated:  30 Mar 20 12:49:08
UCINET 6.689 Copyright (c) 2002-19 Analytic Technologies

